{
 "cells": [
  {
   "cell_type": "markdown",
   "metadata": {},
   "source": [
    "# 1.- Project overview and goals \n",
    "We at Red Cedar Property Advisors are committed to advice our customers on the best timing and expected price for their real state properties. Or recommendation is not on selling but also on acquiring properties that can easily be flip for a high profit. \n",
    "\n",
    "Our client Timothy Stevens is interested in (*\"Owns expensive houses in the center, needs to get rid, best timing within a year, open for renovation when profits rise\"*):\n",
    "- selling *\"some/all\"* of its properties. He owns expensive houses in the center of: \\\n",
    "&nbsp;&nbsp;1. The county? \\\n",
    "&nbsp;&nbsp;2. Seattle? \\\n",
    "&nbsp;&nbsp;3. Auburn? \\\n",
    "&nbsp;&nbsp;4. Bellevue? \n",
    "\n",
    "- He wants to achieve it within a year, \n",
    "- He is open for  renovation when profits rise.\n",
    "\n"
   ]
  },
  {
   "cell_type": "markdown",
   "metadata": {},
   "source": [
    "# 2.- Data description\n",
    "We at Red Cedar Property Advisors use King County official data from 2014 and \"early\" 2015 to make our recommendations on price and timing to sell and flip real state properties for the highest profitability.\n",
    "The King county dataset has 21597 records with the following 13 variables. It can be found at: (https://www.kaggle.com/datasets/swathiachath/kc-housesales-data)\n",
    "\n",
    "**this needs to be a table**\n",
    "1. id: County database id key (int)\n",
    "2. date: This is the date when the house was sold, according to the original data description. (str, *needs cleaning*)\n",
    "3. price: This the sell price, (int, plot it in K)\n",
    "4. bedrooms: The number of bedrooms per house (int, some data may be missing. *it needs cleaning*)\n",
    "5. bathrooms: The number of bathrooms per house (num, some data may be missing. *it needs cleaning*)\n",
    "6. sqft_living: Living space area (num)\n",
    "7. sqft_lot: Property area (num)\n",
    "8. floors: Number of levels in the property (num)\n",
    "9. waterfront: Specifies if the property has a water front or not(boolean between 0 an 1, *needs cleaning as some data may be missing*)\n",
    "10. view: it is not clear what does it means. But it states if it has been viewed (num, *needs further analysis and maybe cleaning*) From the conversation at 16:00 it was determined that the variable is a categorical variable with values between 0 and 4. It represents the quality of the view from the house, where 0 is worst and 4 is the best.\n",
    "11. Condition: It specifies the house condition. (num, between 1 and 5)\n",
    "        - 1: Poor - Worn out. End of life.\\\n",
    "        - 2: Fair - Badly worn. Needs repairs and refurbish.\\\n",
    "        - 3: Average. Needs minor repairs.\\\n",
    "        - 4: Good. Above average house conditions.\\\n",
    "        - 5: Very Good.\n",
    "12. Grade: It wages the house condition regarding its building code. (num, between 1 and 13)\n",
    "    - 1-3: Falls short of minimum building standard. Normally a cabin or inferior structure.\n",
    "    - 4: Older or poor construction. Does not meet building code.\n",
    "    - 5: Low construction cost and workmanship. Small and simple design.\n",
    "    - 6: Lowest construction grade that meets building code. Low quality of construction materials.\n",
    "    - 7: Average grade of construction and design. \n",
    "    - 8: Just above average construction and design. \n",
    "    - 9: Better architectural design with extra interior an exterior design and quality.\n",
    "    - 10: Homes with high quality and features. \n",
    "    - 11: Custom designs with amenities made of solid wood, bathroom fixtures and other luxurious options.\n",
    "    - 12: Custom designs and excellent builders.\n",
    "    - 13: Custom designs, mansion level.\\\n",
    "13. sqft_above: Living area space without taking the basement into consideration (num, *review that no data is missing*)\n",
    "14. sqft_basement: Basment area. (num, *needs cleaning*)\n",
    "15. yr_build: Year of construction(num)\n",
    "16. yr_renovate: Year when the house was renovated(num)\n",
    "17. zipcode: House location zipcode (category, *This may be a key player*)\n",
    "18. lat: House latitude location. (num)\n",
    "19. long: House longitude location. (num)\n",
    "20. sqft_living15: Represents the mean sqft living area of the next 15 neighbors. \n",
    "21. sqrt_lot15: Represents the mean sqft lot area of the next 15 neighbors. \n",
    "\n"
   ]
  },
  {
   "cell_type": "code",
   "execution_count": null,
   "metadata": {},
   "outputs": [],
   "source": [
    "# Load based libraries\n",
    "import warnings\n",
    "\n",
    "warnings.filterwarnings(\"ignore\")\n",
    "\n",
    "import pandas as pd\n",
    "import numpy as np\n",
    "import matplotlib.pyplot as plt\n",
    "import seaborn as sns\n",
    "import plotly.express as px\n",
    "\n",
    "# configure Seaborn plot parameters\n",
    "from matplotlib.ticker import PercentFormatter\n",
    "plt.rcParams.update({ \"figure.figsize\" : (8, 5),\"axes.facecolor\" : \"white\", \"axes.edgecolor\":  \"black\"})\n",
    "plt.rcParams[\"figure.facecolor\"]= \"w\"\n",
    "pd.plotting.register_matplotlib_converters()\n",
    "pd.set_option('display.float_format', lambda x: '%.3f' % x)"
   ]
  },
  {
   "cell_type": "code",
   "execution_count": null,
   "metadata": {},
   "outputs": [],
   "source": [
    "# load data from ./data/King_County_House_prices_dataset.csv\n",
    "df_rcpa = pd.read_csv(\"data/King_County_House_prices_dataset.csv\", sep = \",\")\n",
    "df_rcpa"
   ]
  },
  {
   "cell_type": "markdown",
   "metadata": {},
   "source": [
    "# 3.- Data descritive statistics\n"
   ]
  },
  {
   "cell_type": "code",
   "execution_count": null,
   "metadata": {},
   "outputs": [],
   "source": [
    "df_rcpa.info()"
   ]
  },
  {
   "cell_type": "markdown",
   "metadata": {},
   "source": [
    "The following variables do not have the correct data type: date, waterfront, view, condition, grade, sqft_basement. \n",
    "The correct type is adjusted at the fifth step; Data cleaning"
   ]
  },
  {
   "cell_type": "code",
   "execution_count": null,
   "metadata": {},
   "outputs": [],
   "source": [
    "#Take a look into the first descriptive values. \n",
    "df_rcpa.describe()\n"
   ]
  },
  {
   "cell_type": "markdown",
   "metadata": {},
   "source": [
    "The data frame seems to be complete, all variables have 21597 records (count row).\n",
    "Some values do not make sense as the data is not clean. \n",
    "Lets clean the data, then statistics can be done.\n"
   ]
  },
  {
   "cell_type": "markdown",
   "metadata": {},
   "source": [
    "# 4.- Hypothesis \n",
    "\n",
    "**We are interested in houses with values of: condition >= 4 and grade >= 9**\n",
    "- In average price can be driven by condition and grade. Review with a correlation and by combining the condition and grade variables.\n",
    "- Do the houses with a condition >= 4 and grade >= have a difference price in summer than in winter.\n",
    "- If true, when is the best month to sell/buy a house with this characteristics?\n",
    "- Is there a difference in price within the zip codes, we presume that Seattle will be higher?\n",
    "- Is it not worth to renovate houses with condition 4 and grade 9? (*correlation? how?*)\n",
    "- The average price gab between houses with condition == 3 and grade == 8, and condition == 4 and grade == 9; is higher than between the last with condition == 5 and grade ==10. Right? "
   ]
  },
  {
   "cell_type": "markdown",
   "metadata": {},
   "source": [
    "# 5.- Data cleaning\n"
   ]
  },
  {
   "cell_type": "markdown",
   "metadata": {},
   "source": [
    "As identified in the third step. There are some variables that do not have the correct data type. Additionally, the are some *NAN* values in the data frame. First identify which variables have *NAN* and remove them. "
   ]
  },
  {
   "cell_type": "code",
   "execution_count": null,
   "metadata": {},
   "outputs": [],
   "source": [
    "# Identify the variables that have nan in its values. And, count how many times nan appears in it.\n",
    "df_rcpa.isna().sum()"
   ]
  },
  {
   "cell_type": "code",
   "execution_count": null,
   "metadata": {},
   "outputs": [],
   "source": [
    "# Clean nan in waterfront. Make them 0, as it is assumed that since there is no value the house do not has a view\n",
    "df_rcpa['waterfront'] = df_rcpa['waterfront'].fillna(0) #Code to substitute the nan values for 0\n",
    "df_rcpa[df_rcpa['waterfront'].isna()]['waterfront'] # identify the columns where waterfront is nan. The final result should be an empty df. "
   ]
  },
  {
   "cell_type": "code",
   "execution_count": null,
   "metadata": {},
   "outputs": [],
   "source": [
    "# Apply the same previous code to the variable view to convert the nan into 0. It \n",
    "# is assumed that since the value was not introduced, there was no highlight in the house view.\n",
    "df_rcpa['view'].unique()\n",
    "df_rcpa['view'] = df_rcpa['view'].fillna(0)\n",
    "df_rcpa[df_rcpa['view'].isna()]['view']"
   ]
  },
  {
   "cell_type": "code",
   "execution_count": null,
   "metadata": {},
   "outputs": [],
   "source": [
    "# yr_renovated also contains nan values. First identify which are its unique values to find how to replace the nan.\n",
    "df_rcpa['yr_renovated'].unique()"
   ]
  },
  {
   "cell_type": "code",
   "execution_count": null,
   "metadata": {},
   "outputs": [],
   "source": [
    "# The values represent years, but also have 0 an nan. Therefore the nan will become 0\n",
    "df_rcpa['yr_renovated'] = df_rcpa['yr_renovated'].fillna(0)\n",
    "df_rcpa[df_rcpa['yr_renovated'].isna()]['yr_renovated']"
   ]
  },
  {
   "cell_type": "code",
   "execution_count": null,
   "metadata": {},
   "outputs": [],
   "source": [
    "df_rcpa.info()"
   ]
  },
  {
   "cell_type": "code",
   "execution_count": null,
   "metadata": {},
   "outputs": [],
   "source": [
    "# Review each variable type and configure properly\n",
    "#df_rcpa.info()\n",
    "\n",
    "df_rcpa['date'] = pd.to_datetime(df_rcpa['date'])  # date needs to change from float64 to a timedate variable\n",
    "#df_rcpa['price'] = df_rcpa['price'].astype('int64') # it would be nice to have it as integer. But since there could be a float number and it was imported like that it stays as float\n",
    "df_rcpa['waterfront'] = df_rcpa['waterfront'].astype('boolean') # waterfront is a yes / no assessment\n",
    "df_rcpa['f_view'] = df_rcpa['view'].astype('category') # view is a category as it is asses on how good the view is \n",
    "df_rcpa['f_condition'] = df_rcpa['condition'].astype('category') # Condition is a category\n",
    "df_rcpa['f_grade'] = df_rcpa['grade'].astype('category') # Grade is a category\n",
    "df_rcpa['f_zipcode'] = df_rcpa['zipcode'].astype('category') # Zipcode is a category\n",
    "# The basement hat a string value in it, it needs to be changed to 0. It is assumed that if there is no information, then the house has no basement.\n",
    "df_rcpa['sqft_basement'] = df_rcpa['sqft_basement'].replace({'?':\"0\"})\n",
    "df_rcpa['sqft_basement'] = df_rcpa['sqft_basement'].astype('float64') # convert the basement into float as integer gives an error. \n",
    "# Data cleaning is complete. "
   ]
  },
  {
   "cell_type": "code",
   "execution_count": null,
   "metadata": {},
   "outputs": [],
   "source": [
    "# Import city names with their corresponding zip codes. https://www.zip-codes.com/county/wa-king.asp#zipcodes\n",
    "\n",
    "df_zipcodes = pd.read_csv('zipCodes.csv')\n",
    "df_zipcodes = df_zipcodes[['zipcode', 'city']]\n",
    "\n",
    "# merge the city names into the data frame\n",
    "df_rcpa = df_rcpa.merge(df_zipcodes)\n",
    "\n",
    "#df_zipcodes.info()"
   ]
  },
  {
   "cell_type": "markdown",
   "metadata": {},
   "source": [
    "## 5a. Exploratory analysis of all data"
   ]
  },
  {
   "cell_type": "code",
   "execution_count": null,
   "metadata": {},
   "outputs": [],
   "source": [
    "  # Check for duplicated houses \n",
    "  df_rcpa.duplicated('id').sum()\n",
    "  # the result is 0"
   ]
  },
  {
   "cell_type": "code",
   "execution_count": null,
   "metadata": {},
   "outputs": [],
   "source": [
    "# Histogram of prices\n",
    "fig = px.histogram(df_rcpa, x = \"price\")\n",
    "fig.update_layout(title = \"Houses price histogram\", height = 600, width = 700, bargap = 0.2, template = \"plotly_white\")\n",
    "fig.show()"
   ]
  },
  {
   "cell_type": "code",
   "execution_count": null,
   "metadata": {},
   "outputs": [],
   "source": [
    "# Comprehend the data as collected through time. A quick histogram. It also shows if there is a price change through time\n",
    "fig = px.histogram(df_rcpa, x = \"date\")\n",
    "fig.update_layout(title = \"Number of houses sold per date\", height = 600, width = 700, bargap = 0.2, \n",
    "    template = \"plotly_white\")\n",
    "fig.show()"
   ]
  },
  {
   "cell_type": "code",
   "execution_count": null,
   "metadata": {},
   "outputs": [],
   "source": [
    "# Price analysis by quarter\n",
    "df_rcpa['quarter'] = df_rcpa['date'].dt.year.astype('str') + \" - \" + df_rcpa['date'].dt.quarter.astype('str')\n",
    "#df_rcpa.info()\n",
    "df_rcpa_quarter_mean = df_rcpa.groupby(\"quarter\").mean().reset_index()\n",
    "df_rcpa_quarter_mean\n",
    "fig = px.bar(df_rcpa_quarter_mean, x = \"quarter\", y = \"price\")\n",
    "fig.update_layout(title = \"Mean Houses Price per Year-Quarter\", height = 600, width = 700, bargap = 0.2,\n",
    "    template = \"plotly_white\")\n",
    "fig.show()"
   ]
  },
  {
   "cell_type": "code",
   "execution_count": null,
   "metadata": {},
   "outputs": [],
   "source": [
    "# Price analysis by city by quarter\n",
    "df_rcpa_city_mean_quarter = df_rcpa.groupby([\"city\", \"quarter\"]).mean().reset_index()\n",
    "fig = px.bar(df_rcpa_city_mean_quarter, x = \"city\", y = \"price\", color = \"quarter\", barmode= \"group\",\n",
    "    labels= {\"price\":\"Mean Price\", \"city\":\"City\", \"quarter\":\"Year - Quarter\"},\n",
    "    template = \"plotly_white\")\n",
    "fig.update_layout(title = \"Mean Houses Price per City at Year-Quarter\", height = 600, width = 700, bargap = 0.2)\n",
    "fig.show()"
   ]
  },
  {
   "cell_type": "code",
   "execution_count": null,
   "metadata": {},
   "outputs": [],
   "source": [
    "#Aggregated price by quarter\n",
    "fig = px.bar(df_rcpa.sort_values([\"quarter\", \"city\"]), x = \"quarter\", y = 'price', \n",
    "    labels = {\"quarter\":\"Year - Quarter\", \"price\":\"Aggregated price ($)\"})\n",
    "fig.update_layout(title = \"Aggregated Houses Price per Year-Quarter\", height = 600, width = 700,  bargap = 0.2,\n",
    "    template = \"ggplot2\")\n",
    "fig.show()"
   ]
  },
  {
   "cell_type": "code",
   "execution_count": null,
   "metadata": {},
   "outputs": [],
   "source": [
    "fig = px.box(df_rcpa, x = \"date\", y = \"price\")\n",
    "fig.show()"
   ]
  },
  {
   "cell_type": "code",
   "execution_count": null,
   "metadata": {},
   "outputs": [],
   "source": [
    "fig = px.histogram(df_rcpa, x = \"f_zipcode\", y = \"price\")\n",
    "fig.show()"
   ]
  },
  {
   "cell_type": "code",
   "execution_count": null,
   "metadata": {},
   "outputs": [],
   "source": [
    "#House price per city distribution\n",
    "fig = px.box(df_rcpa.sort_values(\"city\"), x = \"city\", y = \"price\",\n",
    "    labels= {\"price\":\"House Price ($)\", \"city\":\"City\"},\n",
    "    template = \"plotly_white\")\n",
    "fig.update_layout(title = \"Houses Price per City\", height = 600, width = 700, bargap = 0.2)\n",
    "fig.show()"
   ]
  },
  {
   "cell_type": "code",
   "execution_count": null,
   "metadata": {},
   "outputs": [],
   "source": [
    "#House price per city distribution with price lower than 4M\n",
    "fig = px.box(df_rcpa.query(\"price < 4000000\").sort_values(\"city\"), x = \"city\", y = \"price\",\n",
    "    labels= {\"price\":\"House Price ($)\", \"city\":\"City\"},\n",
    "    template = \"plotly_white\")\n",
    "fig.update_layout(title = \"Houses Price per City with a Price higher than 4M\", height = 600, width = 700, bargap = 0.2)\n",
    "fig.show()"
   ]
  },
  {
   "cell_type": "code",
   "execution_count": null,
   "metadata": {},
   "outputs": [],
   "source": [
    "df_rcpa_city_mean = df_rcpa.groupby(\"city\").mean().reset_index()\n",
    "df_rcpa_city_mean\n",
    "fig = px.bar(df_rcpa_city_mean, x = \"city\", y = \"price\")\n",
    "fig.show()"
   ]
  },
  {
   "cell_type": "markdown",
   "metadata": {},
   "source": [
    "### Combine the Condition and the Grade factors\n"
   ]
  },
  {
   "cell_type": "code",
   "execution_count": null,
   "metadata": {},
   "outputs": [],
   "source": [
    "#df_rcpa_seattle_zipcodes_mean['mean_price'] = \" $ \" +round(df_rcpa_seattle_zipcodes_mean['price']/1000, 2).astype('int64').astype(\"str\") + \" K\"\n",
    "df_rcpa.info()\n"
   ]
  },
  {
   "cell_type": "code",
   "execution_count": null,
   "metadata": {},
   "outputs": [],
   "source": [
    "#df_rcpa[\"condition\"] = df_rcpa[\"condition\"].factorize()\n",
    "#df_rcpa.drop(['lat', 'long'], axis = 1)\n",
    "df_rcpa_corr = df_rcpa.drop(['lat', 'long'], axis = 1).corr()"
   ]
  },
  {
   "cell_type": "code",
   "execution_count": null,
   "metadata": {},
   "outputs": [],
   "source": [
    "df_rcpa_corr"
   ]
  },
  {
   "cell_type": "code",
   "execution_count": 183,
   "metadata": {},
   "outputs": [
    {
     "data": {
      "application/vnd.plotly.v1+json": {
       "config": {
        "plotlyServerURL": "https://plot.ly"
       },
       "data": [
        {
         "coloraxis": "coloraxis",
         "hovertemplate": "x: %{x}<br>y: %{y}<br>color: %{z}<extra></extra>",
         "name": "0",
         "texttemplate": "%{z}",
         "type": "heatmap",
         "x": [
          "price",
          "bedrooms",
          "bathrooms",
          "sqft_living",
          "sqft_lot",
          "floors",
          "waterfront",
          "view",
          "condition",
          "grade",
          "sqft_above",
          "sqft_basement",
          "yr_built",
          "yr_renovated",
          "zipcode",
          "sqft_living15",
          "sqft_lot15",
          "condition_grade"
         ],
         "xaxis": "x",
         "y": [
          "price",
          "bedrooms",
          "bathrooms",
          "sqft_living",
          "sqft_lot",
          "floors",
          "waterfront",
          "view",
          "condition",
          "grade",
          "sqft_above",
          "sqft_basement",
          "yr_built",
          "yr_renovated",
          "zipcode",
          "sqft_living15",
          "sqft_lot15",
          "condition_grade"
         ],
         "yaxis": "y",
         "z": [
          [
           1,
           0.30878747195653156,
           0.5259056214532021,
           0.7019173021377594,
           0.08987622099083924,
           0.25680353700802,
           0.26430628048311566,
           0.39349666937938116,
           0.036056375486096026,
           0.6679507713876471,
           0.6053679437051831,
           0.32110756975956384,
           0.053953333465186756,
           0.11785522779075999,
           -0.053402434377488844,
           0.5852412017040591,
           0.0828449311749646,
           0.6744215656770006
          ],
          [
           0.30878747195653156,
           1,
           0.5145078282792978,
           0.5782122492778411,
           0.03247109538204251,
           0.17794389557137164,
           -0.0021273317842704937,
           0.07835407196405993,
           0.02649560229547341,
           0.3565625547786334,
           0.4793863089441832,
           0.2972290465986957,
           0.15566976575376956,
           0.017899598178317596,
           -0.15409225002840696,
           0.3934063475135446,
           0.030689956879072146,
           0.3604213619897619
          ],
          [
           0.5259056214532021,
           0.5145078282792978,
           1,
           0.7557576009502526,
           0.08837271766979658,
           0.5025819656565161,
           0.06362926920123288,
           0.18601593718353907,
           -0.12647896456212201,
           0.6658378437948628,
           0.686667793202449,
           0.27848467882024724,
           0.5071730873365774,
           0.04717695260257984,
           -0.20478640509001242,
           0.5698838615969404,
           0.0883025463904161,
           0.6632217088989032
          ],
          [
           0.7019173021377594,
           0.5782122492778411,
           0.7557576009502526,
           1,
           0.17345281062838244,
           0.353953311854309,
           0.10463664338334269,
           0.2817149084125316,
           -0.05944476389547737,
           0.7627790466721336,
           0.8764477590355017,
           0.42866044278018944,
           0.31815229352004976,
           0.051059954084876555,
           -0.19980163013116733,
           0.7564015282474978,
           0.18434242735061634,
           0.7645518185657683
          ],
          [
           0.08987622099083924,
           0.03247109538204251,
           0.08837271766979658,
           0.17345281062838244,
           1,
           -0.004814364867279963,
           0.02145877848684668,
           0.07505438631699893,
           -0.008829530166089275,
           0.11473078782701394,
           0.1841394746460109,
           0.01503112534668294,
           0.052946307047115004,
           0.004979037480012236,
           -0.12958559958481783,
           0.1447625695677525,
           0.7182040308060972,
           0.11500366556990399
          ],
          [
           0.25680353700802,
           0.17794389557137164,
           0.5025819656565161,
           0.353953311854309,
           -0.004814364867279963,
           1,
           0.020796613904294207,
           0.028413755424377494,
           -0.2640754636711783,
           0.4587943581811767,
           0.5239887183292612,
           -0.2418659838059775,
           0.489192727425088,
           0.0037933603794947034,
           -0.05954061113658399,
           0.28010167001447706,
           -0.010721708142762272,
           0.44711562802214094
          ],
          [
           0.26430628048311566,
           -0.0021273317842704937,
           0.06362926920123288,
           0.10463664338334269,
           0.02145877848684668,
           0.020796613904294207,
           1,
           0.38054336930286636,
           0.01664761114864021,
           0.08281820634371641,
           0.07177768803809428,
           0.08304986766371995,
           -0.024487293006624583,
           0.07393914416915774,
           0.028923234227887104,
           0.0838234117497563,
           0.03065832181601748,
           0.08430024028163967
          ],
          [
           0.39349666937938116,
           0.07835407196405993,
           0.18601593718353907,
           0.2817149084125316,
           0.07505438631699893,
           0.028413755424377494,
           0.38054336930286636,
           1,
           0.04562207304173136,
           0.2490823500473441,
           0.166016503869812,
           0.27062851595810833,
           -0.05445152495956072,
           0.09033893862887755,
           0.08505922654215006,
           0.2789280768675401,
           0.0730832763066999,
           0.2532914539111764
          ],
          [
           0.036056375486096026,
           0.02649560229547341,
           -0.12647896456212201,
           -0.05944476389547737,
           -0.008829530166089275,
           -0.2640754636711783,
           0.01664761114864021,
           0.04562207304173136,
           1,
           -0.14689580091008786,
           -0.15890362210194667,
           0.16848213146989038,
           -0.3615915534837818,
           -0.05580835233920755,
           0.002887969149977409,
           -0.09307220006434018,
           -0.0031261051688662635,
           -0.09205558662780701
          ],
          [
           0.6679507713876471,
           0.3565625547786334,
           0.6658378437948628,
           0.7627790466721336,
           0.11473078782701394,
           0.4587943581811767,
           0.08281820634371641,
           0.2490823500473441,
           -0.14689580091008786,
           1,
           0.7560725698193779,
           0.16584284567316157,
           0.447865184051014,
           0.015622929276331758,
           -0.1857709510845915,
           0.7138671178655331,
           0.12098093022642824,
           0.9984744829221675
          ],
          [
           0.6053679437051831,
           0.4793863089441832,
           0.686667793202449,
           0.8764477590355017,
           0.1841394746460109,
           0.5239887183292612,
           0.07177768803809428,
           0.166016503869812,
           -0.15890362210194667,
           0.7560725698193779,
           1,
           -0.05117507167191463,
           0.4240369677513379,
           0.02064459911742657,
           -0.2615703033277769,
           0.7317668038477635,
           0.19507724350925687,
           0.7522487234488907
          ],
          [
           0.32110756975956384,
           0.2972290465986957,
           0.27848467882024724,
           0.42866044278018944,
           0.01503112534668294,
           -0.2418659838059775,
           0.08304986766371995,
           0.27062851595810833,
           0.16848213146989038,
           0.16584284567316157,
           -0.05117507167191463,
           1,
           -0.13008521541764753,
           0.06500770876350291,
           0.07327058587189478,
           0.1992878239879734,
           0.01588501643479805,
           0.1763545112734553
          ],
          [
           0.053953333465186756,
           0.15566976575376956,
           0.5071730873365774,
           0.31815229352004976,
           0.052946307047115004,
           0.489192727425088,
           -0.024487293006624583,
           -0.05445152495956072,
           -0.3615915534837818,
           0.447865184051014,
           0.4240369677513379,
           -0.13008521541764753,
           1,
           -0.20255467048255443,
           -0.34720952316420106,
           0.32637697384773134,
           0.07077727072409835,
           0.4306700986536081
          ],
          [
           0.11785522779075999,
           0.017899598178317596,
           0.04717695260257984,
           0.051059954084876555,
           0.004979037480012236,
           0.0037933603794947034,
           0.07393914416915774,
           0.09033893862887755,
           -0.05580835233920755,
           0.015622929276331758,
           0.02064459911742657,
           0.06500770876350291,
           -0.20255467048255443,
           1,
           0.06239707776522223,
           0.0006833588050157974,
           0.004285550338043103,
           0.012611943401733473
          ],
          [
           -0.053402434377488844,
           -0.15409225002840696,
           -0.20478640509001242,
           -0.19980163013116733,
           -0.12958559958481783,
           -0.05954061113658399,
           0.028923234227887104,
           0.08505922654215006,
           0.002887969149977409,
           -0.1857709510845915,
           -0.2615703033277769,
           0.07327058587189478,
           -0.34720952316420106,
           0.06239707776522223,
           1,
           -0.2792990334198508,
           -0.147293677419235,
           -0.1868496339829864
          ],
          [
           0.5852412017040591,
           0.3934063475135446,
           0.5698838615969404,
           0.7564015282474978,
           0.1447625695677525,
           0.28010167001447706,
           0.0838234117497563,
           0.2789280768675401,
           -0.09307220006434018,
           0.7138671178655331,
           0.7317668038477635,
           0.1992878239879734,
           0.32637697384773134,
           0.0006833588050157974,
           -0.2792990334198508,
           1,
           0.18351529553072965,
           0.7134363317957411
          ],
          [
           0.0828449311749646,
           0.030689956879072146,
           0.0883025463904161,
           0.18434242735061634,
           0.7182040308060972,
           -0.010721708142762272,
           0.03065832181601748,
           0.0730832763066999,
           -0.0031261051688662635,
           0.12098093022642824,
           0.19507724350925687,
           0.01588501643479805,
           0.07077727072409835,
           0.004285550338043103,
           -0.147293677419235,
           0.18351529553072965,
           1,
           0.12161389213846892
          ],
          [
           0.6744215656770006,
           0.3604213619897619,
           0.6632217088989032,
           0.7645518185657683,
           0.11500366556990399,
           0.44711562802214094,
           0.08430024028163967,
           0.2532914539111764,
           -0.09205558662780701,
           0.9984744829221675,
           0.7522487234488907,
           0.1763545112734553,
           0.4306700986536081,
           0.012611943401733473,
           -0.1868496339829864,
           0.7134363317957411,
           0.12161389213846892,
           1
          ]
         ]
        }
       ],
       "layout": {
        "coloraxis": {
         "colorscale": [
          [
           0,
           "#0d0887"
          ],
          [
           0.1111111111111111,
           "#46039f"
          ],
          [
           0.2222222222222222,
           "#7201a8"
          ],
          [
           0.3333333333333333,
           "#9c179e"
          ],
          [
           0.4444444444444444,
           "#bd3786"
          ],
          [
           0.5555555555555556,
           "#d8576b"
          ],
          [
           0.6666666666666666,
           "#ed7953"
          ],
          [
           0.7777777777777778,
           "#fb9f3a"
          ],
          [
           0.8888888888888888,
           "#fdca26"
          ],
          [
           1,
           "#f0f921"
          ]
         ]
        },
        "height": 600,
        "margin": {
         "t": 60
        },
        "template": {
         "data": {
          "bar": [
           {
            "error_x": {
             "color": "#2a3f5f"
            },
            "error_y": {
             "color": "#2a3f5f"
            },
            "marker": {
             "line": {
              "color": "white",
              "width": 0.5
             },
             "pattern": {
              "fillmode": "overlay",
              "size": 10,
              "solidity": 0.2
             }
            },
            "type": "bar"
           }
          ],
          "barpolar": [
           {
            "marker": {
             "line": {
              "color": "white",
              "width": 0.5
             },
             "pattern": {
              "fillmode": "overlay",
              "size": 10,
              "solidity": 0.2
             }
            },
            "type": "barpolar"
           }
          ],
          "carpet": [
           {
            "aaxis": {
             "endlinecolor": "#2a3f5f",
             "gridcolor": "#C8D4E3",
             "linecolor": "#C8D4E3",
             "minorgridcolor": "#C8D4E3",
             "startlinecolor": "#2a3f5f"
            },
            "baxis": {
             "endlinecolor": "#2a3f5f",
             "gridcolor": "#C8D4E3",
             "linecolor": "#C8D4E3",
             "minorgridcolor": "#C8D4E3",
             "startlinecolor": "#2a3f5f"
            },
            "type": "carpet"
           }
          ],
          "choropleth": [
           {
            "colorbar": {
             "outlinewidth": 0,
             "ticks": ""
            },
            "type": "choropleth"
           }
          ],
          "contour": [
           {
            "colorbar": {
             "outlinewidth": 0,
             "ticks": ""
            },
            "colorscale": [
             [
              0,
              "#0d0887"
             ],
             [
              0.1111111111111111,
              "#46039f"
             ],
             [
              0.2222222222222222,
              "#7201a8"
             ],
             [
              0.3333333333333333,
              "#9c179e"
             ],
             [
              0.4444444444444444,
              "#bd3786"
             ],
             [
              0.5555555555555556,
              "#d8576b"
             ],
             [
              0.6666666666666666,
              "#ed7953"
             ],
             [
              0.7777777777777778,
              "#fb9f3a"
             ],
             [
              0.8888888888888888,
              "#fdca26"
             ],
             [
              1,
              "#f0f921"
             ]
            ],
            "type": "contour"
           }
          ],
          "contourcarpet": [
           {
            "colorbar": {
             "outlinewidth": 0,
             "ticks": ""
            },
            "type": "contourcarpet"
           }
          ],
          "heatmap": [
           {
            "colorbar": {
             "outlinewidth": 0,
             "ticks": ""
            },
            "colorscale": [
             [
              0,
              "#0d0887"
             ],
             [
              0.1111111111111111,
              "#46039f"
             ],
             [
              0.2222222222222222,
              "#7201a8"
             ],
             [
              0.3333333333333333,
              "#9c179e"
             ],
             [
              0.4444444444444444,
              "#bd3786"
             ],
             [
              0.5555555555555556,
              "#d8576b"
             ],
             [
              0.6666666666666666,
              "#ed7953"
             ],
             [
              0.7777777777777778,
              "#fb9f3a"
             ],
             [
              0.8888888888888888,
              "#fdca26"
             ],
             [
              1,
              "#f0f921"
             ]
            ],
            "type": "heatmap"
           }
          ],
          "heatmapgl": [
           {
            "colorbar": {
             "outlinewidth": 0,
             "ticks": ""
            },
            "colorscale": [
             [
              0,
              "#0d0887"
             ],
             [
              0.1111111111111111,
              "#46039f"
             ],
             [
              0.2222222222222222,
              "#7201a8"
             ],
             [
              0.3333333333333333,
              "#9c179e"
             ],
             [
              0.4444444444444444,
              "#bd3786"
             ],
             [
              0.5555555555555556,
              "#d8576b"
             ],
             [
              0.6666666666666666,
              "#ed7953"
             ],
             [
              0.7777777777777778,
              "#fb9f3a"
             ],
             [
              0.8888888888888888,
              "#fdca26"
             ],
             [
              1,
              "#f0f921"
             ]
            ],
            "type": "heatmapgl"
           }
          ],
          "histogram": [
           {
            "marker": {
             "pattern": {
              "fillmode": "overlay",
              "size": 10,
              "solidity": 0.2
             }
            },
            "type": "histogram"
           }
          ],
          "histogram2d": [
           {
            "colorbar": {
             "outlinewidth": 0,
             "ticks": ""
            },
            "colorscale": [
             [
              0,
              "#0d0887"
             ],
             [
              0.1111111111111111,
              "#46039f"
             ],
             [
              0.2222222222222222,
              "#7201a8"
             ],
             [
              0.3333333333333333,
              "#9c179e"
             ],
             [
              0.4444444444444444,
              "#bd3786"
             ],
             [
              0.5555555555555556,
              "#d8576b"
             ],
             [
              0.6666666666666666,
              "#ed7953"
             ],
             [
              0.7777777777777778,
              "#fb9f3a"
             ],
             [
              0.8888888888888888,
              "#fdca26"
             ],
             [
              1,
              "#f0f921"
             ]
            ],
            "type": "histogram2d"
           }
          ],
          "histogram2dcontour": [
           {
            "colorbar": {
             "outlinewidth": 0,
             "ticks": ""
            },
            "colorscale": [
             [
              0,
              "#0d0887"
             ],
             [
              0.1111111111111111,
              "#46039f"
             ],
             [
              0.2222222222222222,
              "#7201a8"
             ],
             [
              0.3333333333333333,
              "#9c179e"
             ],
             [
              0.4444444444444444,
              "#bd3786"
             ],
             [
              0.5555555555555556,
              "#d8576b"
             ],
             [
              0.6666666666666666,
              "#ed7953"
             ],
             [
              0.7777777777777778,
              "#fb9f3a"
             ],
             [
              0.8888888888888888,
              "#fdca26"
             ],
             [
              1,
              "#f0f921"
             ]
            ],
            "type": "histogram2dcontour"
           }
          ],
          "mesh3d": [
           {
            "colorbar": {
             "outlinewidth": 0,
             "ticks": ""
            },
            "type": "mesh3d"
           }
          ],
          "parcoords": [
           {
            "line": {
             "colorbar": {
              "outlinewidth": 0,
              "ticks": ""
             }
            },
            "type": "parcoords"
           }
          ],
          "pie": [
           {
            "automargin": true,
            "type": "pie"
           }
          ],
          "scatter": [
           {
            "fillpattern": {
             "fillmode": "overlay",
             "size": 10,
             "solidity": 0.2
            },
            "type": "scatter"
           }
          ],
          "scatter3d": [
           {
            "line": {
             "colorbar": {
              "outlinewidth": 0,
              "ticks": ""
             }
            },
            "marker": {
             "colorbar": {
              "outlinewidth": 0,
              "ticks": ""
             }
            },
            "type": "scatter3d"
           }
          ],
          "scattercarpet": [
           {
            "marker": {
             "colorbar": {
              "outlinewidth": 0,
              "ticks": ""
             }
            },
            "type": "scattercarpet"
           }
          ],
          "scattergeo": [
           {
            "marker": {
             "colorbar": {
              "outlinewidth": 0,
              "ticks": ""
             }
            },
            "type": "scattergeo"
           }
          ],
          "scattergl": [
           {
            "marker": {
             "colorbar": {
              "outlinewidth": 0,
              "ticks": ""
             }
            },
            "type": "scattergl"
           }
          ],
          "scattermapbox": [
           {
            "marker": {
             "colorbar": {
